    0     1   0.1315  0.0032    -46.728 0.318     33.802  0.202     
    1     1   0.1484  0.0036    -48.093 0.295     27.098  0.190     
    2     1   0.1395  0.0036    -47.056 0.296     28.288  0.190     
    3     1   0.1374  0.0038    -44.432 0.295     26.622  0.189     
    4     1   0.1507  0.0036    -40.307 0.285     24.822  0.184     
    5     1   0.1321  0.0034    -45.141 0.303     29.227  0.195     
    6     1   0.1350  0.0034    -46.473 0.306     29.882  0.196     
    7     1   0.1375  0.0032    -43.244 0.319     32.785  0.205     
    8     1   0.1293  0.0032    -52.438 0.310     30.217  0.197     
    9     1   0.1462  0.0036    -45.261 0.300     27.335  0.193     
   10     1   0.1338  0.0033    -40.640 0.303     31.106  0.196     
   11     1   0.1428  0.0035    -45.909 0.305     29.611  0.195     
   12     1   0.1348  0.0033    -49.047 0.313     30.657  0.200     
   13     1   0.1564  0.0045    -42.277 0.274     21.944  0.175     
   14     1   0.1261  0.0031    -44.250 0.305     32.367  0.197     
   15     1   0.1308  0.0034    -43.613 0.305     31.272  0.195     
   16     1   0.1354  0.0040    -41.744 0.293     24.857  0.187     
   17     1   0.1385  0.0032    -44.037 0.313     32.337  0.201     
   18     1   0.1312  0.0030    -47.811 0.311     31.948  0.200     
   19     1   0.1382  0.0031    -41.422 0.311     32.248  0.200     
   20     1   0.1472  0.0038    -42.325 0.297     26.699  0.190     
   21     1   0.1493  0.0035    -45.532 0.301     29.381  0.195     
   22     1   0.1440  0.0034    -46.634 0.298     26.827  0.190     
   23     1   0.1350  0.0031    -42.535 0.320     32.438  0.206     
   24     1   0.1396  0.0033    -47.267 0.312     30.943  0.200     
   25     1   0.1365  0.0031    -42.884 0.326     34.530  0.212     
   26     1   0.1365  0.0034    -47.670 0.320     32.715  0.206     
   27     1   0.1433  0.0038    -42.830 0.293     28.096  0.189     
   28     1   0.1387  0.0030    -40.469 0.321     34.113  0.208     
   29     1   0.1356  0.0033    -50.899 0.324     32.843  0.207     
   30     1   0.1340  0.0036    -47.259 0.311     31.394  0.199     
   31     1   0.1431  0.0033    -42.818 0.317     32.160  0.205     
   32     1   0.1430  0.0033    -42.186 0.320     31.460  0.206     
   33     1   0.1404  0.0035    -47.823 0.310     29.881  0.199     
   34     1   0.1514  0.0034    -42.846 0.319     30.201  0.206     
   35     1   0.1365  0.0033    -40.100 0.308     31.014  0.199     
   36     1   0.1724  0.0042    -50.415 0.307     23.995  0.196     
   37     1   0.1403  0.0035    -41.303 0.310     28.942  0.200     
   38     1   0.1490  0.0036    -42.673 0.297     26.191  0.191     
   39     1   0.1417  0.0034    -38.525 0.311     32.047  0.201     
   40     1   0.1520  0.0040    -40.910 0.296     26.046  0.190     
   41     1   0.1291  0.0027    -38.882 0.354     34.893  0.237     
   42     1   0.1399  0.0033    -42.662 0.314     31.398  0.202     
   43     1   0.1408  0.0034    -48.030 0.321     31.534  0.205     
   44     1   0.1402  0.0035    -41.871 0.310     30.213  0.199     
   45     1   0.1408  0.0033    -35.748 0.320     31.645  0.210     
   46     1   0.1448  0.0036    -48.288 0.320     30.577  0.204     
   47     1   0.1591  0.0041    -49.115 0.296     24.906  0.190     
   48     1   0.1425  0.0032    -42.439 0.313     32.588  0.202     
   49     1   0.1388  0.0029    -43.856 0.330     35.051  0.215     
   50     1   0.1418  0.0034    -40.365 0.320     32.666  0.207     
   51     1   0.1450  0.0037    -49.668 0.322     30.027  0.205     
   52     1   0.1370  0.0034    -47.459 0.314     31.285  0.200     
   53     1   0.1482  0.0035    -45.339 0.310     28.768  0.199     
   54     1   0.1420  0.0032    -43.504 0.315     31.724  0.202     
   55     1   0.1484  0.0034    -53.055 0.335     32.312  0.213     
   56     1   0.1465  0.0038    -51.025 0.311     28.527  0.197     
   57     1   0.1375  0.0032    -47.402 0.320     30.323  0.204     
   58     1   0.1468  0.0035    -40.155 0.304     29.436  0.195     
   59     1   0.1457  0.0038    -41.862 0.307     29.239  0.198     
   60     1   0.1471  0.0033    -40.597 0.309     28.814  0.199     
   61     1   0.1521  0.0040    -44.405 0.316     28.218  0.201     
   62     1   0.1426  0.0034    -39.254 0.325     32.611  0.210     
   63     1   0.1476  0.0033    -42.724 0.328     33.253  0.212     
   64     1   0.1522  0.0036    -41.246 0.317     29.724  0.205     
   65     1   0.1507  0.0038    -48.098 0.303     26.684  0.194     
   66     1   0.1428  0.0035    -40.472 0.314     30.053  0.202     
   67     1   0.1517  0.0035    -52.057 0.320     29.991  0.204     
   68     1   0.1522  0.0041    -60.337 0.310     24.060  0.162     
   69     1   0.1659  0.0041    -47.719 0.309     25.204  0.198     
   70     1   0.1568  0.0041    -50.040 0.312     26.937  0.200     
   71     1   0.1523  0.0037    -47.862 0.313     28.736  0.199     
   72     1   0.1477  0.0033    -38.961 0.316     31.376  0.205     
   73     1   0.1567  0.0041    -38.634 0.306     26.051  0.196     
   74     1   0.1459  0.0035    -41.422 0.314     28.058  0.202     
   75     1   0.1501  0.0035    -46.110 0.309     28.545  0.198     
   76     1   0.1529  0.0039    -56.634 0.233     24.153  0.129     
   77     1   0.1498  0.0035    -45.491 0.316     28.451  0.202     
   78     1   0.1522  0.0038    -42.002 0.317     29.205  0.203     
   79     1   0.1559  0.0038    -64.531 0.338     27.222  0.177     
   80     1   0.1500  0.0035    -39.564 0.318     31.424  0.205     
   81     1   0.1528  0.0036    -50.911 0.325     29.654  0.207     
   82     1   0.1471  0.0031    -46.006 0.341     34.890  0.220     
   83     1   0.1588  0.0039    -45.639 0.309     27.592  0.199     
   84     1   0.1449  0.0036    -46.395 0.327     31.533  0.208     
   85     1   0.1511  0.0036    -44.054 0.319     28.810  0.204     
   86     1   0.1704  0.0042    -45.122 0.307     24.605  0.194     
   87     1   0.1592  0.0036    -37.490 0.298     25.911  0.192     
   88     1   0.1572  0.0041    -42.820 0.313     26.301  0.198     
   89     1   0.1541  0.0039    -45.543 0.307     27.661  0.196     
   90     1   0.1628  0.0041    -44.456 0.295     24.381  0.190     
   91     1   0.1465  0.0040    -50.186 0.320     29.095  0.204     
   92     1   0.1536  0.0037    -41.930 0.321     31.332  0.207     
   93     1   0.1470  0.0035    -40.797 0.320     29.403  0.205     
   94     1   0.1567  0.0035    -40.635 0.314     30.255  0.203     
   95     1   0.1555  0.0036    -41.591 0.319     30.159  0.205     
   96     1   0.1583  0.0041    -45.621 0.305     25.309  0.195     
   97     1   0.1612  0.0036    -44.750 0.318     27.924  0.205     
   98     1   0.1563  0.0038    -44.156 0.318     28.852  0.204     
   99     1   0.1485  0.0033    -40.220 0.329     31.504  0.212     
  100     1   0.1485  0.0036    -48.294 0.331     31.928  0.212     
  101     1   0.1616  0.0038    -54.246 0.317     25.058  0.200     
  102     1   0.1584  0.0040    -42.664 0.317     28.197  0.205     
  103     1   0.1596  0.0042    -45.833 0.330     28.342  0.211     
  104     1   0.1623  0.0035    -47.076 0.324     29.977  0.208     
  105     1   0.1530  0.0038    -41.548 0.313     27.568  0.200     
  106     1   0.1627  0.0038    -56.081 0.319     28.645  0.202     
  107     1   0.1707  0.0042    -43.882 0.302     24.326  0.194     
  108     1   0.1490  0.0034    -46.282 0.327     30.099  0.208     
  109     1   0.1429  0.0034    -43.039 0.331     33.335  0.214     
  110     1   0.1581  0.0038    -51.823 0.322     28.534  0.206     
  111     1   0.1456  0.0032    -44.512 0.324     31.813  0.208     
  112     1   0.1714  0.0034    -51.021 0.382     36.587  0.247     
  113     1   0.1439  0.0033    -41.990 0.323     30.530  0.207     
  114     1   0.1534  0.0036    -43.936 0.321     29.719  0.206     
  115     1   0.1644  0.0036    -47.829 0.321     28.230  0.204     
  116     1   0.1599  0.0038    -46.621 0.310     25.198  0.196     
  117     1   0.1532  0.0038    -44.649 0.316     26.752  0.203     
  118     1   0.1734  0.0047    -43.846 0.305     23.810  0.194     
  119     1   0.1592  0.0042    -42.489 0.295     24.834  0.190     
  120     1   0.1526  0.0029    -55.820 0.375     38.616  0.248     
  121     1   0.1501  0.0033    -51.359 0.339     32.078  0.216     
  122     1   0.1542  0.0039    -42.114 0.321     28.260  0.206     
  123     1   0.1553  0.0037    -46.993 0.325     29.141  0.208     
  124     1   0.1541  0.0036    -44.463 0.309     26.379  0.197     
  125     1   0.1606  0.0038    -43.508 0.324     30.499  0.209     
  126     1   0.1671  0.0041    -41.021 0.304     24.890  0.196     
  127     1   0.1474  0.0033    -42.597 0.331     33.427  0.214     
