#
# dip switch
0000001
#
0  5
1  -6
2  -3
3  -3
4  -2
5  0
6  0
7  7
8  -6
9  -3
10  7
11  0
12  -2
13  -8
14  6
15  5
16  -3
17  6
18  1
19  8
20  -1
21  0
22  -5
23  7
24  0
25  10
26  3
27  0
28  12
29  0
30  1
31  7
32  6
33  -2
34  4
35  8
36  -13
37  3
38  -2
39  11
40  -1
41  15
42  6
43  1
44  5
45  13
46  -1
47  -11
48  8
49  10
50  10
51  -3
52  1
53  -1
54  5
55  -3
56  -7
57  -1
58  5
59  3
60  4
61  -1
62  11
63  8
64  5
65  -7
66  6
67  -6
68  -23
69  -9
70  -9
71  -4
72  9
73  1
74  2
75  -2
76  -19
77  -2
78  3
79  -23
80  9
81  -5
82  8
83  -3
84  2
85  0
86  -7
87  2
88  -2
89  -3
90  -7
91  -5
92  6
93  4
94  6
95  5
96  -7
97  -2
98  0
99  8
100  1
101  -16
102  1
103  -2
104  -1
105  1
106  -12
107  -6
108  0
109  8
110  -8
111  4
112  5
113  5
114  2
115  -4
116  -8
117  -3
118  -7
119  -4
120  4
121  -2
122  1
123  -2
124  -4
125  3
126  -3
127  9
