#
# dip switch
0000000
#
0  3
1  7
2  6
3  -5
4  -6
5  3
6  7
7  4
8  3
9  12
10  1
11  13
12  16
13  12
14  0
15  31
16  18
17  9
18  -3
19  16
20  1
21  7
22  3
23  7
24  20
25  15
26  15
27  19
28  9
29  21
30  13
31  9
32  4
33  -9
34  12
35  5
36  10
37  -27
38  8
39  10
40  15
41  -3
42  14
43  19
44  8
45  5
46  4
47  21
48  24
49  18
50  13
51  9
52  6
53  17
54  15
55  21
56  3
57  0
58  2
59  -28
60  2
61  18
62  -14
63  14
64  21
65  12
66  6
67  13
68  13
69  17
70  17
71  16
72  21
73  -3
74  0
75  14
76  15
77  -10
78  12
79  2
80  23
81  17
82  19
83  -4
84  5
85  18
86  14
87  17
88  22
89  21
90  -31
91  13
92  14
93  7
94  15
95  0
96  5
97  26
98  18
99  17
100  -5
101  10
102  15
103  11
104  23
105  -13
106  4
107  16
108  6
109  18
110  -6
111  -2
112  10
113  6
114  6
115  15
116  -9
117  9
118  16
119  26
120  13
121  17
122  18
123  0
124  8
125  8
126  10
127  15
